camera_matrix:
- [674.4515245491431, 0.0, 313.6710735432349]
- [0.0, 675.3182566053164, 231.65238658667386]
- [0.0, 0.0, 1.0]
dist_coeff:
- [0.07247842351493154, -0.3064790200023869, 0.0015514830634796586, -0.014226678985620132,
  -0.08615769404978903]
